%YAML:1.0
---
K: !!opencv-matrix
   rows: 3
   cols: 3
   dt: d
   data: [ 9.5056573048968608e+02, 0., 3.1768676887679072e+02, 0.,
       9.5120012811109450e+02, 2.6859727519803465e+02, 0., 0., 1. ]
D: !!opencv-matrix
   rows: 1
   cols: 5
   dt: d
   data: [ 5.4233394083475092e-02, 1.5281619066923475e+00,
       2.7529071950077367e-03, -4.6500559114641118e-03,
       -1.2931530342024896e+01 ]
