%YAML:1.0
---
K1: !!opencv-matrix
   rows: 3
   cols: 3
   dt: d
   data: [ 9.4780801254172638e+02, 0., 3.2945372207929813e+02, 0.,
       9.4920207461533880e+02, 2.4651461371020096e+02, 0., 0., 1. ]
D1: !!opencv-matrix
   rows: 1
   cols: 5
   dt: d
   data: [ 1.4168465333945387e-02, 2.3921729345019416e+00,
       1.4685222747077079e-03, -9.2055494605990313e-04,
       -1.8108117527667151e+01 ]
K2: !!opencv-matrix
   rows: 3
   cols: 3
   dt: d
   data: [ 9.5056573048968608e+02, 0., 3.1768676887679072e+02, 0.,
       9.5120012811109450e+02, 2.6859727519803465e+02, 0., 0., 1. ]
D2: !!opencv-matrix
   rows: 1
   cols: 5
   dt: d
   data: [ 5.4233394083475092e-02, 1.5281619066923475e+00,
       2.7529071950077367e-03, -4.6500559114641118e-03,
       -1.2931530342024896e+01 ]
R: !!opencv-matrix
   rows: 3
   cols: 3
   dt: d
   data: [ 9.9903595337040507e-01, -2.9106643141693544e-02,
       3.2862854384666747e-02, 2.9038311392053155e-02,
       9.9957503453767005e-01, 2.5547603633180823e-03,
       -3.2923249304767331e-02, -1.5980156563467451e-03,
       9.9945660536172265e-01 ]
T: !!opencv-matrix
   rows: 3
   cols: 1
   dt: d
   data: [ 6.9711639084736585e-02, 2.4904004501367856e-04,
       -1.6324858991128438e-03 ]
E: !!opencv-matrix
   rows: 3
   cols: 3
   dt: d
   data: [ 3.9205426392718810e-05, 1.6313941790969909e-03,
       2.5307532825723093e-04, 6.6422156644680200e-04,
       1.5891647518632702e-04, -6.9727406300219980e-02,
       1.7755083245953552e-03, 6.9689262765521370e-02,
       1.6991236566038528e-04 ]
F: !!opencv-matrix
   rows: 3
   cols: 3
   dt: d
   data: [ 3.3948540686777888e-08, 1.4105728948175861e-06,
       -1.5120718428263656e-04, 5.7477537631319374e-07,
       1.3731431119681710e-07, -5.7411759663973112e-02,
       1.2962678765876718e-03, 5.6792575917440573e-02, 1. ]
R1: !!opencv-matrix
   rows: 3
   cols: 3
   dt: d
   data: [ 9.9963024508199305e-01, -2.5491156919963599e-02,
       9.4643560898938529e-03, 2.5479977649143722e-02,
       9.9967448749132470e-01, 1.2999222885785714e-03,
       -9.4944118466419487e-03, -1.0582900542853164e-03,
       9.9995436704174023e-01 ]
R2: !!opencv-matrix
   rows: 3
   cols: 3
   dt: d
   data: [ 9.9971954267714580e-01, 3.5714294367287422e-03,
       -2.3411127294021960e-02, -3.5990356458139206e-03,
       9.9999287687574512e-01, -1.1371632209073177e-03,
       2.3406899235451781e-02, 1.2211017767945996e-03,
       9.9972527525247257e-01 ]
P1: !!opencv-matrix
   rows: 3
   cols: 4
   dt: d
   data: [ 7.3274636565734909e+02, 0., 3.3330018806457520e+02, 0., 0.,
       7.3274636565734909e+02, 2.5527536010742188e+02, 0., 0., 0., 1.,
       0. ]
P2: !!opencv-matrix
   rows: 3
   cols: 4
   dt: d
   data: [ 7.3274636565734909e+02, 0., 3.3330018806457520e+02,
       5.1095280228861014e+01, 0., 7.3274636565734909e+02,
       2.5527536010742188e+02, 0., 0., 0., 1., 0. ]
Q: !!opencv-matrix
   rows: 4
   cols: 4
   dt: d
   data: [ 1., 0., 0., -3.3330018806457520e+02, 0., 1., 0.,
       -2.5527536010742188e+02, 0., 0., 0., 7.3274636565734909e+02, 0.,
       0., -1.4340783774456323e+01, 0. ]
