%YAML:1.0
---
K: !!opencv-matrix
   rows: 3
   cols: 3
   dt: d
   data: [ 9.4780801254172638e+02, 0., 3.2945372207929813e+02, 0.,
       9.4920207461533880e+02, 2.4651461371020096e+02, 0., 0., 1. ]
D: !!opencv-matrix
   rows: 1
   cols: 5
   dt: d
   data: [ 1.4168465333945387e-02, 2.3921729345019416e+00,
       1.4685222747077079e-03, -9.2055494605990313e-04,
       -1.8108117527667151e+01 ]
